nodesxyz_mm:36.523168,0.000509,-44.479130,25.825075,25.825133,-44.479130,0.000059,36.522280,-44.479130,-25.825011,25.825262,-44.479130,-36.521788,0.000092,-44.479130,-25.824798,-25.824989,-44.479130,0.000404,-36.521688,-44.479130,25.825280,-25.824201,-44.479130,36.389632,0.000290,-31.979130,25.730312,25.730647,-31.979130,-0.000390,36.389135,-31.979130,-25.731323,25.731206,-31.979130,-36.389171,0.000240,-31.979130,-25.730174,-25.730250,-31.979130,0.000520,-36.388755,-31.979130,25.731309,-25.730480,-31.979130,35.907229,0.001094,-19.479130,25.387870,25.388165,-19.479130,-0.000415,35.904594,-19.479130,-25.388775,25.388347,-19.479130,-35.904380,-0.000279,-19.479130,-25.387175,-25.388242,-19.479130,0.001547,-35.903615,-19.479130,25.389634,-25.386708,-19.479130,35.543330,0.001138,-6.979130,25.132250,25.133415,-6.979130,-0.000887,35.542419,-6.979130,-25.133614,25.132425,-6.979130,-35.542604,-0.000718,-6.979130,-25.132081,-25.133225,-6.979130,0.001728,-35.540607,-6.979130,25.135174,-25.132350,-6.979130,35.423185,0.000286,5.520870,25.048098,25.048406,5.520870,-0.000242,35.422962,5.520870,-25.048470,25.048137,5.520870,-35.423243,-0.000112,5.520870,-25.046698,-25.047629,5.520870,0.000790,-35.424239,5.520870,25.048420,-25.047968,5.520870,35.485581,0.000012,18.020870,25.091659,25.091069,18.020870,0.000801,35.485469,18.020870,-25.090398,25.091891,18.020870,-35.485022,0.001126,18.020870,-25.090542,-25.089700,18.020870,0.000725,-35.483115,18.020870,25.092733,-25.091490,18.020870,35.172474,-0.000120,30.520870,24.869578,24.869690,30.520870,-0.000612,35.171670,30.520870,-24.870889,24.869902,30.520870,-35.173491,-0.000031,30.520870,-24.871074,-24.870040,30.520870,-0.000554,-35.171223,30.520870,24.869992,-24.870102,30.520870,34.448239,0.000230,43.020870,24.357625,24.357361,43.020870,-0.000061,34.446634,43.020870,-24.357747,24.357362,43.020870,-34.447861,0.000023,43.020870,-24.356643,-24.356857,43.020870,0.000324,-34.447866,43.020870,24.357244,-24.356743,43.020870
edgeslen_mm:27.952825,27.952825,27.952825,27.952825,27.952825,27.952825,27.952825,27.952825,27.850895,27.850895,27.850895,27.850895,27.850895,27.850895,27.850895,27.850895,27.480180,27.480180,27.480180,27.480180,27.480180,27.480180,27.480180,27.480180,27.203344,27.203344,27.203344,27.203344,27.203344,27.203344,27.203344,27.203344,27.111819,27.111819,27.111819,27.111819,27.111820,27.111819,27.111819,27.111820,27.158696,27.158695,27.158695,27.158695,27.158695,27.158695,27.158696,27.158696,26.919457,26.919456,26.919456,26.919457,26.919456,26.919457,26.919457,26.919456,26.364565,26.364565,26.364565,26.364565,26.364565,26.364565,26.364565,26.364565
radiuses_mm:35.590642,35.460861,34.988852,34.636374,34.519840,34.579525,34.274916,33.568407
fopt:292.564939,441.179189,70.611347,131.221688,529.956182,274.346367,280.108964,43.157396
iterations:18,16,8,9,19,13,9,8
message:Optimization terminated successfully.,Optimization terminated successfully.,Optimization terminated successfully.,Optimization terminated successfully.,Desired error not necessarily achieved due to precision loss.,Optimization terminated successfully.,Optimization terminated successfully.,Optimization terminated successfully.
success:True,True,True,True,False,True,True,True
