nodesxyz_mm:36.523168,0.000509,-27.986706,25.825075,25.825133,-27.986706,0.000059,36.522280,-27.986706,-25.825011,25.825262,-27.986706,-36.521788,0.000092,-27.986706,-25.824798,-25.824989,-27.986706,0.000404,-36.521688,-27.986706,25.825280,-25.824201,-27.986706,36.389632,0.000290,-15.486706,25.730312,25.730647,-15.486706,-0.000390,36.389135,-15.486706,-25.731323,25.731206,-15.486706,-36.389171,0.000240,-15.486706,-25.730174,-25.730250,-15.486706,0.000520,-36.388755,-15.486706,25.731309,-25.730480,-15.486706,35.907229,0.001094,-2.986706,25.387870,25.388165,-2.986706,-0.000415,35.904594,-2.986706,-25.388775,25.388347,-2.986706,-35.904380,-0.000279,-2.986706,-25.387175,-25.388242,-2.986706,0.001547,-35.903615,-2.986706,25.389634,-25.386708,-2.986706,35.543330,0.001138,9.513294,25.132250,25.133415,9.513294,-0.000887,35.542419,9.513294,-25.133614,25.132425,9.513294,-35.542604,-0.000718,9.513294,-25.132081,-25.133225,9.513294,0.001728,-35.540607,9.513294,25.135174,-25.132350,9.513294,35.423185,0.000286,22.013294,25.048098,25.048406,22.013294,-0.000242,35.422962,22.013294,-25.048470,25.048137,22.013294,-35.423243,-0.000112,22.013294,-25.046698,-25.047629,22.013294,0.000790,-35.424239,22.013294,25.048420,-25.047968,22.013294,35.485581,0.000012,34.513294,25.091659,25.091069,34.513294,0.000801,35.485469,34.513294,-25.090398,25.091891,34.513294,-35.485022,0.001126,34.513294,-25.090542,-25.089700,34.513294,0.000725,-35.483115,34.513294,25.092733,-25.091490,34.513294,35.172474,-0.000120,47.013294,24.869578,24.869690,47.013294,-0.000612,35.171670,47.013294,-24.870889,24.869902,47.013294,-35.173491,-0.000031,47.013294,-24.871074,-24.870040,47.013294,-0.000554,-35.171223,47.013294,24.869992,-24.870102,47.013294,34.448239,0.000230,59.513294,24.357625,24.357361,59.513294,-0.000061,34.446634,59.513294,-24.357747,24.357362,59.513294,-34.447861,0.000023,59.513294,-24.356643,-24.356857,59.513294,0.000324,-34.447866,59.513294,24.357244,-24.356743,59.513294
edgeslen_mm:27.952825,27.952825,27.952825,27.952825,27.952825,27.952825,27.952825,27.952825,27.850895,27.850895,27.850895,27.850895,27.850895,27.850895,27.850895,27.850895,27.480180,27.480180,27.480180,27.480180,27.480180,27.480180,27.480180,27.480180,27.203344,27.203344,27.203344,27.203344,27.203344,27.203344,27.203344,27.203344,27.111819,27.111819,27.111819,27.111819,27.111820,27.111819,27.111819,27.111820,27.158696,27.158695,27.158695,27.158695,27.158695,27.158695,27.158696,27.158696,26.919457,26.919456,26.919456,26.919457,26.919456,26.919457,26.919457,26.919456,26.364565,26.364565,26.364565,26.364565,26.364565,26.364565,26.364565,26.364565
radiuses_mm:35.590642,35.460861,34.988852,34.636374,34.519840,34.579525,34.274916,33.568407
fopt:292.564939,441.179189,70.611347,131.221688,529.956182,274.346367,280.108964,43.157396
iterations:18,16,8,9,19,13,9,8
message:Optimization terminated successfully.,Optimization terminated successfully.,Optimization terminated successfully.,Optimization terminated successfully.,Desired error not necessarily achieved due to precision loss.,Optimization terminated successfully.,Optimization terminated successfully.,Optimization terminated successfully.
success:True,True,True,True,False,True,True,True
