nodesxyz_mm:36.704056,0.000853,-86.956522,25.952762,25.953172,-86.956522,0.000044,36.703502,-86.956522,-25.952503,25.952758,-86.956522,-36.702908,0.000070,-86.956522,-25.952396,-25.952573,-86.956522,0.000476,-36.702535,-86.956522,25.952915,-25.951530,-86.956522,35.674554,0.000586,-74.456522,25.225427,25.225124,-74.456522,0.000920,35.674328,-74.456522,-25.223750,25.225520,-74.456522,-35.672969,0.001019,-74.456522,-25.223580,-25.223411,-74.456522,0.000420,-35.673837,-74.456522,25.224482,-25.223561,-74.456522,35.909340,0.001198,-61.956522,25.390018,25.390238,-61.956522,0.000003,35.907207,-61.956522,-25.390100,25.390452,-61.956522,-35.906435,0.000175,-61.956522,-25.388384,-25.389392,-61.956522,0.001881,-35.905757,-61.956522,25.391812,-25.388585,-61.956522,36.253695,0.000573,-49.456522,25.634027,25.634808,-49.456522,-0.000707,36.253273,-49.456522,-25.635120,25.634036,-49.456522,-36.252763,-0.001038,-49.456522,-25.635194,-25.636143,-49.456522,0.001040,-36.250985,-49.456522,25.636706,-25.634772,-49.456522,35.040286,0.000428,-36.956522,24.775907,24.776452,-36.956522,-0.000738,35.039330,-36.956522,-24.777068,24.775693,-36.956522,-35.040858,-0.000574,-36.956522,-24.776269,-24.776510,-36.956522,0.000158,-35.039917,-36.956522,24.776268,-24.775746,-36.956522,35.403757,-0.000789,-24.456522,25.034030,25.033994,-24.456522,0.000074,35.405715,-24.456522,-25.034150,25.034641,-24.456522,-35.405430,0.000502,-24.456522,-25.035343,-25.034131,-24.456522,-0.000446,-35.403581,-24.456522,25.035258,-25.036079,-24.456522,34.145563,0.000226,-11.956522,24.143527,24.143286,-11.956522,0.000162,34.144585,-11.956522,-24.143277,24.143465,-11.956522,-34.144023,-0.000129,-11.956522,-24.144496,-24.144228,-11.956522,-0.000666,-34.144407,-11.956522,24.142391,-24.142364,-11.956522,34.761109,0.000488,0.543478,24.579099,24.579083,0.543478,0.000160,34.760264,0.543478,-24.578594,24.578638,0.543478,-34.761069,0.000236,0.543478,-24.578408,-24.578090,0.543478,0.000113,-34.760277,0.543478,24.578547,-24.577879,0.543478
edgeslen_mm:28.091159,28.091159,28.091159,28.091159,28.091159,28.091159,28.091159,28.091159,27.303143,27.303143,27.303143,27.303143,27.303142,27.303143,27.303142,27.303143,27.481985,27.481985,27.481985,27.481985,27.481985,27.481985,27.481985,27.481985,27.746916,27.746916,27.746916,27.746917,27.746916,27.746916,27.746916,27.746916,26.818069,26.818069,26.818069,26.818069,26.818069,26.818069,26.818069,26.818069,27.097446,27.097446,27.097446,27.097446,27.097445,27.097445,27.097446,27.097445,26.132893,26.132892,26.132892,26.132892,26.132892,26.132893,26.132893,26.132893,26.604148,26.604147,26.604148,26.604147,26.604147,26.604147,26.604147,26.604148
radiuses_mm:35.766774,34.763441,34.991150,35.328471,34.145826,34.501539,33.273432,33.873452
fopt:385.767325,155.753950,71.069526,421.399300,316.386077,242.226435,148.462544,17.442374
iterations:17,14,8,9,12,10,13,7
message:Desired error not necessarily achieved due to precision loss.,Optimization terminated successfully.,Optimization terminated successfully.,Optimization terminated successfully.,Optimization terminated successfully.,Optimization terminated successfully.,Optimization terminated successfully.,Optimization terminated successfully.
success:False,True,True,True,True,True,True,True
