nodesxyz_mm:35.390321,0.000114,-86.956522,25.024599,25.024598,-86.956522,0.000006,35.390071,-86.956522,-25.024587,25.024631,-86.956522,-35.390124,0.000068,-86.956522,-25.024444,-25.024449,-86.956522,0.000142,-35.389968,-86.956522,25.024718,-25.024432,-86.956522,35.390176,0.000127,-74.456522,25.024673,25.024708,-74.456522,0.000130,35.390282,-74.456522,-25.024370,25.024556,-74.456522,-35.390033,0.000032,-74.456522,-25.024584,-25.024578,-74.456522,0.000096,-35.389801,-74.456522,25.024753,-25.024483,-74.456522,35.390368,0.000145,-61.956522,25.024609,25.024616,-61.956522,0.000001,35.390096,-61.956522,-25.024583,25.024660,-61.956522,-35.389919,0.000013,-61.956522,-25.024605,-25.024654,-61.956522,-0.000028,-35.390203,-61.956522,25.024378,-25.024247,-61.956522,35.390277,-0.000042,-49.456522,25.024292,25.024356,-49.456522,-0.000099,35.390341,-49.456522,-25.024405,25.024175,-49.456522,-35.390650,-0.000096,-49.456522,-25.024319,-25.024332,-49.456522,-0.000090,-35.390639,-49.456522,25.024168,-25.024364,-49.456522,35.390263,-0.000048,-36.956522,25.024293,25.024354,-36.956522,-0.000097,35.390338,-36.956522,-25.024409,25.024171,-36.956522,-35.390650,-0.000106,-36.956522,-25.024328,-25.024346,-36.956522,-0.000097,-35.390643,-36.956522,25.024172,-25.024374,-36.956522,35.390091,-0.000057,-24.456522,25.024280,25.024434,-24.456522,-0.000134,35.390333,-24.456522,-25.024371,25.024202,-24.456522,-35.390681,-0.000026,-24.456522,-25.024284,-25.024257,-24.456522,0.000064,-35.390343,-24.456522,25.024635,-25.024690,-24.456522,35.389871,-0.000240,-11.956522,25.024442,25.024390,-11.956522,-0.000219,35.389801,-11.956522,-25.024754,25.024165,-11.956522,-35.390544,-0.000338,-11.956522,-25.024732,-25.024747,-11.956522,-0.000287,-35.390515,-11.956522,25.024174,-25.024764,-11.956522,35.389864,-0.000252,0.543478,25.024451,25.024390,0.543478,-0.000218,35.389789,0.543478,-25.024759,25.024156,0.543478,-35.390547,-0.000349,0.543478,-25.024739,-25.024757,0.543478,-0.000299,-35.390532,0.543478,25.024166,-25.024773,0.543478
edgeslen_mm:27.086399,27.086404,27.086391,27.086401,27.086413,27.086415,27.086412,27.086411,27.086404,27.086397,27.086414,27.086413,27.086411,27.086388,27.086404,27.086401,27.086401,27.086420,27.086382,27.086402,27.086412,27.086419,27.086416,27.086416,27.086420,27.086413,27.086404,27.086402,27.086402,27.086387,27.086402,27.086397,27.086418,27.086412,27.086410,27.086406,27.086404,27.086385,27.086409,27.086394,27.086439,27.086401,27.086327,27.086388,27.086423,27.086412,27.086453,27.086435,27.086422,27.086444,27.086412,27.086443,27.086363,27.086380,27.086388,27.086426,27.086426,27.086446,27.086417,27.086443,27.086361,27.086378,27.086395,27.086424
radiuses_mm:34.487483,34.487481,34.487486,34.487480,34.487482,34.487488,34.487488,34.487490
fopt:17563.706037
iterations:5
message:Maximum number of iterations has been exceeded.
success:False
