nodesxyz_mm:32.695437,0.010491,-136.418969,20.948153,23.734942,-130.718741,-0.000000,8.758081,-122.323272,-21.731710,23.830882,-128.146691,-32.848374,0.000000,-134.630475,-26.316250,-24.754906,-125.805560,-0.000000,-18.473220,-124.655267,26.267534,-24.603775,-127.109729,14.114076,-0.002292,-84.086668,20.648668,20.537912,-100.490494,0.000000,35.610187,-109.461752,-24.221187,26.283116,-117.212739,-26.393366,0.000000,-123.410378,-22.212845,-26.279699,-118.386431,-0.000000,-39.712354,-110.646485,15.097492,-25.454388,-93.262435,22.511913,0.015958,-74.504689,26.774821,25.513114,-82.603348,0.000000,21.813144,-84.436799,-19.532889,21.334158,-65.680947,-32.599350,0.000000,-76.094426,-26.755794,-26.399970,-77.713028,-0.000000,-22.206875,-77.875621,24.787806,-22.888539,-88.773219,26.156386,0.006881,-52.826449,20.586432,26.342042,-55.786572,0.000000,16.368090,-70.296138,-21.772237,26.406123,-57.700013,-15.741416,0.000000,-57.219175,-23.397634,-18.429063,-75.518166,-0.000000,-31.958716,-73.776565,24.667621,-22.951410,-67.133004,24.446198,-0.000664,-67.759142,13.219292,22.120126,-56.909626,0.000000,21.276536,-80.534794,-19.461582,24.500773,-61.971508,-14.557139,-0.000000,-72.423082,-15.213072,-24.321229,-84.340867,-0.000000,-33.175936,-63.749601,15.135794,-16.655293,-48.526061,17.582224,0.001466,-42.511430,15.208750,24.462742,-31.104640,0.000000,29.849776,-52.852251,-17.535287,9.498045,-56.266375,-1.588926,-0.000000,-36.530694,-11.544406,-24.797539,-32.108182,-0.000000,-34.508138,-54.613509,24.956940,-24.541663,-51.255406,34.017320,-0.004538,-23.858971,23.921973,17.830759,-6.139562,0.000000,20.330728,6.334692,-26.733937,15.909983,6.137608,-26.977054,0.000000,-15.777134,-26.260936,-26.505977,-21.311082,-0.000000,-30.876720,-26.318737,24.777474,-23.284376,-34.196265,23.129732,0.000462,1.515016,25.113399,27.026237,1.392830,0.000000,37.193923,1.067554,-24.912859,26.596859,0.721066,-29.857811,-0.000000,1.767876,-26.798910,-26.883825,0.438054,-0.000000,-30.830677,0.631501,26.733449,-26.733293,-0.836637
edgeslen_mm:27.080267,27.085335,27.080782,27.083770,27.080494,27.080025,27.084892,27.089518,27.086646,27.092886,27.087597,27.091167,27.080240,27.087883,27.081895,27.073437,27.089955,27.091370,27.084039,27.098325,27.087367,27.082855,27.086115,27.081112,27.080020,27.088898,27.082370,27.090319,27.075841,27.083832,27.088005,27.092011,27.075538,27.085233,27.087717,27.084624,27.092176,27.089548,27.088375,27.091912,27.094322,27.079232,27.080168,27.092368,27.084832,27.093520,27.082399,27.077827,27.092274,27.094605,27.097698,27.082145,27.086975,27.089052,27.085464,27.095853,27.098753,27.095580,27.075235,27.072888,27.089949,27.088681,27.085444,27.077863
radiuses_mm:34.483319,34.485972,34.489057,34.485899,34.488100,34.486436,34.492706,34.486392
fopt:17563.861619
iterations:35992
message:Maximum number of function evaluations has been exceeded.
success:False
