nodesxyz_mm:28.760866,2.322943,-87.482577,16.630398,26.534683,-86.921078,-10.345424,24.080843,-86.930383,-36.536871,17.175706,-86.956251,-30.308339,-9.179055,-87.509042,-18.622089,-33.607426,-86.909360,8.406544,-31.835708,-86.914631,34.384855,-24.167563,-86.937184,28.760866,2.322943,-74.982576,16.630398,26.534683,-74.421078,-10.345424,24.080842,-74.430382,-36.536871,17.175706,-74.456243,-30.308340,-9.179055,-75.009038,-18.622089,-33.607426,-74.409360,8.406544,-31.835708,-74.414622,34.384855,-24.167563,-74.437187,28.760865,2.322942,-62.482576,16.630398,26.534683,-61.921078,-10.345424,24.080842,-61.930380,-36.536871,17.175706,-61.956236,-30.308340,-9.179055,-62.509035,-18.622089,-33.607426,-61.909371,8.406544,-31.835708,-61.914683,34.384855,-24.167563,-61.937180,28.760866,2.322943,-49.982574,16.630398,26.534683,-49.421076,-10.345424,24.080842,-49.430381,-36.536871,17.175706,-49.456248,-30.308339,-9.179055,-50.009041,-18.622089,-33.607426,-49.409360,8.406544,-31.835708,-49.414609,34.384855,-24.167563,-49.437182,28.760866,2.322943,-37.482573,16.630398,26.534683,-36.921077,-10.345424,24.080843,-36.930385,-36.536871,17.175706,-36.956267,-30.308339,-9.179055,-37.509049,-18.622089,-33.607426,-36.909345,8.406544,-31.835708,-36.914617,34.384855,-24.167563,-36.937171,28.760865,2.322942,-24.982576,16.630398,26.534683,-24.421078,-10.345424,24.080842,-24.430382,-36.536871,17.175706,-24.456251,-30.308339,-9.179055,-25.009042,-18.622089,-33.607426,-24.409360,8.406544,-31.835708,-24.414620,34.384855,-24.167563,-24.437171,28.760866,2.322942,-12.482442,16.630397,26.534685,-11.921078,-10.345424,24.080843,-11.930385,-36.536871,17.175706,-11.956277,-30.308339,-9.179055,-12.509056,-18.622089,-33.607426,-11.909347,8.406544,-31.835708,-11.914579,34.384855,-24.167562,-11.936992,28.760866,2.322942,0.017576,16.630397,26.534686,0.578924,-10.345424,24.080843,0.569620,-36.536871,17.175706,0.543748,-30.308339,-9.179055,-0.009042,-18.622089,-33.607426,0.590642,8.406544,-31.835708,0.585301,34.384855,-24.167562,0.563038
edgeslen_mm:27.086378,27.087200,27.086408,27.086410,27.086406,27.086639,27.086410,27.086410,27.086378,27.087200,27.086408,27.086410,27.086406,27.086639,27.086410,27.086410,27.086378,27.087200,27.086408,27.086410,27.086406,27.086639,27.086410,27.086410,27.086378,27.087200,27.086408,27.086410,27.086406,27.086639,27.086410,27.086410,27.086378,27.087200,27.086408,27.086410,27.086406,27.086639,27.086410,27.086410,27.086378,27.087200,27.086408,27.086410,27.086406,27.086639,27.086410,27.086410,27.086378,27.087200,27.086408,27.086410,27.086406,27.086639,27.086410,27.086410,27.086378,27.087200,27.086408,27.086410,27.086406,27.086639,27.086410,27.086410
radiuses_mm:34.487644,34.487644,34.487644,34.487644,34.487645,34.487644,34.487644,34.487645
fopt:17563.706382
iterations:6
message:Optimization terminated successfully.
success:True
